============================================================
MFCC FEATURES - VB.NET FORMAT
============================================================

[AUDIO_INFO]
FileName=reff1.wav
Duration=2.581
SampleRate=22050
MFCCShape=13x112

[MFCC_STATISTICS]
# Format: CoeffIndex,Mean,Std,Min,Max
1,-463.871002,108.190422,-758.512695,-167.721909
2,100.512749,26.104982,3.647800,172.022827
3,-7.000149,11.200035,-55.575363,19.832743
4,17.745930,6.896304,-10.421716,27.739706
5,14.374908,18.881546,-60.507713,30.474094
6,14.376558,6.122360,-8.425047,29.508888
7,12.115335,4.506387,3.528365,31.293068
8,12.026459,6.778237,-14.576434,23.536819
9,7.717895,4.214203,-2.829646,20.156918
10,7.924894,4.343938,-9.670397,17.370121
11,-0.345323,3.725823,-7.903173,9.826256
12,1.829582,3.322481,-8.163239,9.940436
13,-3.076939,3.924024,-12.986301,6.418255

[FEATURE_VECTOR]
# Aggregated features untuk machine learning
-463.871002,108.190422,-758.512695,-167.721909,100.512749,26.104982,3.647800,172.022827,-7.000149,11.200035,-55.575363,19.832743,17.745930,6.896304,-10.421716,27.739706,14.374908,18.881546,-60.507713,30.474094,14.376558,6.122360,-8.425047,29.508888,12.115335,4.506387,3.528365,31.293068,12.026459,6.778237,-14.576434,23.536819,7.717895,4.214203,-2.829646,20.156918,7.924894,4.343938,-9.670397,17.370121,-0.345323,3.725823,-7.903173,9.826256,1.829582,3.322481,-8.163239,9.940436,-3.076939,3.924024,-12.986301,6.418255
# Total features: 52

[MFCC_MEAN_VALUES]
-463.871002,100.512749,-7.000149,17.745930,14.374908,14.376558,12.115335,12.026459,7.717895,7.924894,-0.345323,1.829582,-3.076939

